1、结构体内部不能定义自己类型的变量
2、->  []  自带解引用*
3、结构体成员的访问可以通过变量，也可以通过指针，But最好使用指针
4、小端：低地址存低数据
   大端：低地址存高数据
5、定义联合体，使用union
   联合体又叫共用体，里面的变量共同使用同一块内存  从低地址开始存储
6、整型提升：看定义的变量是否有符号，补它的符号位
			 是否需要通过补码求源码，看它打印的是有符号类型还是无符号类型
7、1000 0000 0000 0000 0000 0000 0001 0100
   1111 1111 1111 1111 1111 1111 1110 1011
   1111 1111 1111 1111 1111 1111 1110 1100
   0000 0000 0000 0000 0000 0000 0000 1010
   1111 1111 1111 1111 1111 1111 1111 0110
   1111 1111 1111 1111 1111 1111 1111 0101
   1000 0000 0000 0000 0000 0000 0000 1010
   
   1  0000 0001
   2  0000 0010
   3  0000 0011
   4  0000 0100
   5  0000 0101
   6  0000 0110
   异或之后0000 0011    tmp
   第一位是1          count
   按第一位分类   1  3  5  3 1
				  2  4  6  4 2
   
   